DEVICE DESCRIPTOR (18):
12 01 00 02 ef 02 01 40 7e 05 69 20 01 02 01 02 03 01

CONFIG DESCRIPTOR (wTotalLength=268):
000: 09 02 0c 01 05 01 04 c0 fa 08 0b 00 01 03 00 00
010: 00 09 04 00 00 02 03 00 00 05 09 21 11 01 00 01
020: 22 61 00 07 05 81 03 40 00 04 07 05 01 03 40 00
030: 04 08 0b 01 01 ff 00 00 00 09 04 01 00 02 ff 00
040: 00 06 07 05 02 02 40 00 00 07 05 82 02 40 00 00
050: 08 0b 02 03 01 01 00 00 09 04 02 00 00 01 01 00
060: 00 0a 24 01 00 01 47 00 02 03 04 0c 24 02 01 01
070: 01 00 02 03 00 00 00 0a 24 06 02 01 01 03 00 00
080: 00 09 24 03 03 02 03 00 02 00 0c 24 02 04 01 02
090: 00 01 00 00 00 00 09 24 06 05 04 01 03 00 00 09
0a0: 24 03 06 01 01 00 05 00 09 04 03 00 00 01 02 00
0b0: 00 09 04 03 01 01 01 02 00 00 07 24 01 01 00 01
0c0: 00 0b 24 02 01 02 02 10 01 80 bb 00 07 05 03 0d
0d0: c0 00 01 07 25 01 00 00 00 00 09 04 04 00 00 01
0e0: 02 00 00 09 04 04 01 01 01 02 00 00 07 24 01 06
0f0: 00 01 00 0b 24 02 01 02 02 10 01 80 bb 00 07 05
100: 83 0d c0 00 01 07 25 01 00 00 00 00

STRINGS:
  [1] = 'Nintendo'
  [2] = 'Switch 2 Pro Controller'
  [3] = '00'
  [4] = 'Config_0'
  [5] = 'If_Hid'
  [6] = 'Switch 2 Pro Controller'
  [7] err: [Errno 60] Operation timed out

HID REPORT DESCRIPTOR (interface 0):
  report desc err: [Errno 13] Access denied (insufficient permissions)
